{
 "cells": [
  {
   "cell_type": "code",
   "execution_count": 1,
   "metadata": {},
   "outputs": [],
   "source": [
    "import numpy as np"
   ]
  },
  {
   "cell_type": "code",
   "execution_count": null,
   "metadata": {},
   "outputs": [
    {
     "name": "stdout",
     "output_type": "stream",
     "text": [
      "[[0.88594794 0.07791236 0.97964616 0.24767146 0.75288472]\n",
      " [0.52667564 0.90755375 0.8840703  0.08926896 0.5173446 ]\n",
      " [0.34362129 0.21229369 0.36067344 0.27077517 0.76162502]]\n"
     ]
    }
   ],
   "source": [
    "rs = np.random.RandomState(321) # create a random state object\n",
    "arr = rs.rand(3,5) # create a 3x5 array of random numbers\n",
    "print(arr)"
   ]
  },
  {
   "cell_type": "markdown",
   "metadata": {},
   "source": [
    "### sort an array along a specified axis"
   ]
  },
  {
   "cell_type": "code",
   "execution_count": 3,
   "metadata": {},
   "outputs": [
    {
     "name": "stdout",
     "output_type": "stream",
     "text": [
      "[[0.34362129 0.07791236 0.36067344 0.08926896 0.5173446 ]\n",
      " [0.52667564 0.21229369 0.8840703  0.24767146 0.75288472]\n",
      " [0.88594794 0.90755375 0.97964616 0.27077517 0.76162502]]\n",
      " \n",
      "[[0.88594794 0.07791236 0.97964616 0.24767146 0.75288472]\n",
      " [0.52667564 0.90755375 0.8840703  0.08926896 0.5173446 ]\n",
      " [0.34362129 0.21229369 0.36067344 0.27077517 0.76162502]]\n"
     ]
    }
   ],
   "source": [
    "# sort along the column and return a copy\n",
    "print(np.sort(arr, axis=0))   \n",
    "print(\" \")\n",
    "print(arr)  # original array remains unsorted"
   ]
  },
  {
   "cell_type": "code",
   "execution_count": 4,
   "metadata": {},
   "outputs": [
    {
     "name": "stdout",
     "output_type": "stream",
     "text": [
      "[[0.34362129 0.07791236 0.36067344 0.08926896 0.5173446 ]\n",
      " [0.52667564 0.21229369 0.8840703  0.24767146 0.75288472]\n",
      " [0.88594794 0.90755375 0.97964616 0.27077517 0.76162502]]\n"
     ]
    }
   ],
   "source": [
    "# sort along the column in place\n",
    "arr.sort(axis=0)\n",
    "print(arr) # now sorted along the column"
   ]
  },
  {
   "cell_type": "code",
   "execution_count": 5,
   "metadata": {},
   "outputs": [
    {
     "name": "stdout",
     "output_type": "stream",
     "text": [
      "[[0.07791236 0.08926896 0.34362129 0.36067344 0.5173446 ]\n",
      " [0.21229369 0.24767146 0.52667564 0.75288472 0.8840703 ]\n",
      " [0.27077517 0.76162502 0.88594794 0.90755375 0.97964616]]\n"
     ]
    }
   ],
   "source": [
    "# sort along the column and return a copy\n",
    "print(np.sort(arr, axis=1))    "
   ]
  },
  {
   "cell_type": "code",
   "execution_count": 6,
   "metadata": {},
   "outputs": [
    {
     "name": "stdout",
     "output_type": "stream",
     "text": [
      "[[0.07791236 0.08926896 0.34362129 0.36067344 0.5173446 ]\n",
      " [0.21229369 0.24767146 0.52667564 0.75288472 0.8840703 ]\n",
      " [0.27077517 0.76162502 0.88594794 0.90755375 0.97964616]]\n"
     ]
    }
   ],
   "source": [
    "# sort along the row in place\n",
    "arr.sort(axis=1)    \n",
    "print(arr)"
   ]
  },
  {
   "cell_type": "markdown",
   "metadata": {},
   "source": [
    "### compute the indices that would sort an array along a specified axis"
   ]
  },
  {
   "cell_type": "code",
   "execution_count": 7,
   "metadata": {},
   "outputs": [
    {
     "name": "stdout",
     "output_type": "stream",
     "text": [
      "[[0.88594794 0.07791236 0.97964616 0.24767146 0.75288472]\n",
      " [0.52667564 0.90755375 0.8840703  0.08926896 0.5173446 ]\n",
      " [0.34362129 0.21229369 0.36067344 0.27077517 0.76162502]]\n"
     ]
    }
   ],
   "source": [
    "rs = np.random.RandomState(321) # create a random state object\n",
    "arr = rs.rand(3,5)\n",
    "print(arr)"
   ]
  },
  {
   "cell_type": "code",
   "execution_count": 8,
   "metadata": {},
   "outputs": [
    {
     "name": "stdout",
     "output_type": "stream",
     "text": [
      "[[2 0 2 1 1]\n",
      " [1 2 1 0 0]\n",
      " [0 1 0 2 2]]\n"
     ]
    }
   ],
   "source": [
    "# along the column - return the indices that would sort the array\n",
    "print(np.argsort(arr, axis=0))"
   ]
  },
  {
   "cell_type": "code",
   "execution_count": 9,
   "metadata": {},
   "outputs": [
    {
     "name": "stdout",
     "output_type": "stream",
     "text": [
      "[[1 3 4 0 2]\n",
      " [3 4 0 2 1]\n",
      " [1 3 0 2 4]]\n"
     ]
    }
   ],
   "source": [
    "# along the row - return the indices that would sort the array\n",
    "print(np.argsort(arr, axis=1))"
   ]
  },
  {
   "cell_type": "code",
   "execution_count": 10,
   "metadata": {},
   "outputs": [
    {
     "name": "stdout",
     "output_type": "stream",
     "text": [
      "[ 1  8 11  3 13 10 12  9  5  4 14  7  0  6  2]\n"
     ]
    }
   ],
   "source": [
    "# if axis=None, return the indices of a flattened array\n",
    "print(np.argsort(arr, axis=None))"
   ]
  },
  {
   "cell_type": "markdown",
   "metadata": {},
   "source": [
    "Next [Module](./7.%20Slicing%20&%20Indexing.ipynb)"
   ]
  },
  {
   "cell_type": "code",
   "execution_count": null,
   "metadata": {},
   "outputs": [],
   "source": []
  }
 ],
 "metadata": {
  "kernelspec": {
   "display_name": "p310env",
   "language": "python",
   "name": "python3"
  },
  "language_info": {
   "codemirror_mode": {
    "name": "ipython",
    "version": 3
   },
   "file_extension": ".py",
   "mimetype": "text/x-python",
   "name": "python",
   "nbconvert_exporter": "python",
   "pygments_lexer": "ipython3",
   "version": "3.10.19"
  }
 },
 "nbformat": 4,
 "nbformat_minor": 2
}
